1 7 6 11 16 17 20 15 39 38 51 43 42 53 44 45 47
1 7 6 11 16 17 20 15 39 38 51 53 44 45 47
1 7 6 11 16 17 20 15 39 38 51 43 42 53 44 45 47
1 7 6 11 16 17 20 15 39 38 51 43 42 53 44 45 47
1 7 6 11 16 17 20 15 39 38 51 43 42 53 44 45 47
1 7 6 11 16 17 20 15 39 38 51 43 42 53 44 45 47
1 7 6 11 16 17 20 15 39 38 51 43 42 53 44 45 47
1 7 6 11 16 17 20 15 39 38 51 53 42 41 45 47
1 7 6 11 16 17 20 15 39 38 51 43 42 53 44 45 47
1 7 6 11 16 17 20 15 39 38 51 53 42 41 45 47
1 7 6 11 16 17 20 15 39 38 51 43 42 53 44 45 47
1 7 6 11 16 17 20 15 39 38 51 43 42 53 44 45 47
1 7 6 11 16 17 20 15 39 38 51 53 42 43 41 45 47
1 7 6 11 16 17 20 15 39 38 51 43 42 41 45 47
1 7 6 11 16 17 20 15 39 38 51 43 42 53 44 45 47
1 7 6 11 16 17 20 15 39 38 51 43 42 53 44 45 47
1 7 6 11 16 17 20 15 39 38 51 43 42 53 44 45 47
1 7 6 11 16 17 20 15 39 38 51 53 44 45 47
1 7 6 11 16 17 20 15 39 38 51 43 42 53 44 45 47
1 7 6 11 16 17 20 15 39 38 51 53 42 41 45 47
1 7 6 11 16 17 20 15 39 38 51 53 44 45 47
1 7 6 11 16 17 20 15 39 38 51 43 42 53 44 45 47
1 7 6 11 16 17 20 15 39 38 51 53 44 45 47
1 7 6 11 16 17 20 15 39 38 51 43 42 41 45 47
1 7 6 11 16 17 20 15 39 38 51 53 42 43 41 45 47
1 7 6 11 16 17 20 15 37 36 44 53 42 43 41 45 47
1 7 6 11 16 17 20 15 39 38 51 53 42 41 45 47
1 7 6 11 16 17 20 15 39 38 51 53 44 45 47
1 7 6 11 16 17 20 15 39 38 51 53 42 43 41 45 47
1 7 6 11 16 17 20 15 39 38 51 53 42 43 41 45 47
1 7 6 11 16 17 20 15 39 38 51 53 42 43 41 45 47
1 7 6 11 16 17 20 15 39 38 51 43 42 53 44 45 47
1 7 6 11 16 17 20 15 39 38 51 43 42 53 44 45 47
1 7 6 11 16 17 20 15 39 38 51 43 42 53 44 45 47
1 7 6 11 16 17 20 15 39 38 51 43 42 53 44 45 47
1 7 6 11 16 17 20 15 39 38 51 43 41 45 47
1 7 6 11 16 17 20 15 39 38 51 53 44 45 47
1 7 6 11 16 17 20 15 39 38 51 53 42 43 41 45 47
1 7 6 11 16 17 20 15 39 38 51 53 44 45 47
1 7 6 11 16 17 20 15 39 38 51 43 42 53 44 45 47
1 7 6 11 16 17 20 52 22 23 26 35 36 44 45 47
1 7 6 11 16 17 20 15 39 38 51 53 44 45 47
1 7 6 11 16 17 20 15 39 38 51 43 42 53 44 45 47
1 7 6 11 16 17 20 15 39 38 51 43 42 53 44 45 47
1 7 6 11 16 17 20 15 39 38 51 43 42 53 44 45 47
1 7 6 11 16 17 20 15 39 38 51 43 42 53 44 45 47
1 7 6 11 16 17 20 15 39 38 51 53 42 43 41 45 47
1 7 6 11 16 17 20 15 39 38 51 43 42 53 44 45 47
1 7 6 11 16 17 20 15 39 38 51 53 42 43 41 45 47
1 7 6 11 16 17 20 15 39 38 51 53 42 43 41 45 47
1 7 6 11 16 17 20 52 22 23 26 35 36 44 53 42 43 41 45 47
1 7 6 11 16 17 20 15 39 38 51 53 42 41 45 47
1 7 6 11 16 17 20 15 39 38 51 43 42 53 44 45 47
1 7 6 11 16 17 20 15 39 38 51 43 42 53 44 45 47
1 7 6 11 16 17 20 15 39 38 51 43 41 45 47
1 7 6 11 16 17 20 15 39 38 51 53 42 43 41 45 47
1 7 6 11 16 17 20 15 39 38 51 43 42 53 44 45 47
1 7 6 11 16 17 20 15 39 38 51 43 42 53 44 45 47
1 7 6 11 16 17 20 15 39 38 51 53 42 43 41 45 47
1 7 6 11 16 17 20 15 39 38 51 43 42 53 44 45 47
1 7 6 11 16 17 20 15 37 36 44 45 47
1 7 6 11 16 17 20 15 39 38 51 43 42 53 44 45 47
1 7 6 11 16 17 20 15 39 38 51 43 42 53 44 45 47
1 7 6 11 16 17 20 15 39 38 51 43 42 53 44 45 47
1 7 6 11 16 17 20 15 39 38 51 53 44 45 47
1 7 6 11 16 17 20 15 39 38 51 53 44 45 47
1 7 6 11 16 17 20 15 39 38 51 43 42 53 44 45 47
1 7 6 11 16 17 20 15 39 38 51 53 44 45 47
1 7 6 11 16 17 20 15 39 38 51 53 42 43 41 45 47
1 7 6 11 16 17 20 15 39 38 51 53 42 41 45 47
1 7 6 11 16 17 20 15 39 38 51 43 42 53 44 45 47
1 7 6 11 16 17 20 15 39 38 51 53 42 43 41 45 47
1 7 6 11 16 17 20 15 39 38 51 43 42 53 44 45 47
1 7 6 11 16 17 20 15 39 38 51 43 42 53 44 45 47
1 7 6 11 16 17 20 15 39 38 51 53 44 45 47
1 7 6 11 16 17 20 15 39 38 51 53 44 45 47
1 7 6 11 16 17 20 15 39 38 51 43 42 53 44 45 47
1 7 6 11 16 17 20 15 39 38 51 43 42 53 44 45 47
1 7 6 11 16 17 20 15 39 38 51 43 42 53 44 45 47
1 7 6 11 16 17 20 15 39 38 51 43 42 53 44 45 47
1 7 6 11 16 17 20 15 39 38 51 43 42 53 44 45 47
1 7 6 11 16 17 20 15 39 38 51 53 44 45 47
1 7 6 11 16 17 20 15 39 38 51 43 42 53 44 45 47
1 7 6 11 16 17 20 15 39 38 51 53 44 45 47
1 7 6 11 16 17 20 15 39 38 51 43 42 53 44 45 47
1 7 6 11 16 17 20 15 39 38 51 53 42 43 41 45 47
1 7 6 11 16 17 20 15 39 38 51 43 42 53 44 45 47
1 7 6 11 16 17 20 15 39 38 51 43 42 53 44 45 47
1 7 6 11 16 17 20 15 39 38 51 53 44 45 47
1 7 6 11 16 17 20 15 39 38 51 53 44 45 47
1 7 6 11 16 17 20 15 39 38 51 43 42 53 44 45 47
1 7 6 11 16 17 20 15 39 38 51 43 42 53 44 45 47
1 7 6 11 16 17 20 15 39 38 51 53 44 45 47
1 7 6 11 16 17 20 15 39 38 51 53 44 45 47
1 7 6 11 16 17 20 15 39 38 51 43 42 53 44 45 47
1 7 6 11 16 17 20 15 39 38 51 53 42 41 45 47
1 7 6 11 16 17 20 15 39 38 51 53 42 41 45 47
1 7 6 11 16 17 20 15 39 38 51 53 42 43 41 45 47
1 7 6 11 16 17 20 15 39 38 51 53 42 41 45 47
1 7 6 11 16 17 20 15 39 38 51 43 42 53 44 45 47
