1 [7] [32.7] 440.9
2 [5] [69.5] 418.0
3 [4] [17.1] 356.3
4 [3,12,5] [17.1,49.0,75.2] 343.6
5 [2,4,6] [69.5,75.2,52.4] 350.1
6 [5,7,11,10] [52.4,12.1,38.5,36.2] 359.3
7 [1,6,8] [32.7,12.1,36.7] 370.8
8 [7,9,10] [36.7,25.3,12.1] 383.0
9 [8] [25.3] 396.0
10 [6,8] [36.2,12.1] 371.3
11 [6,12,16,48] [38.5,91.7,40.2,48.3] 323.9
12 [4,13,11,40] [49.0,50.0,91.8,74.4] 311.4
13 [12,14,15] [50.0,34.9,45.9] 275.8
14 [13,15,16] [34.9,32.3,28.7] 278.4
15 [13,14,20,37,39] [45.9,32.3,29.2,66.1,51.0] 244.8
16 [17,14,11] [8.9,28.7,40.2] 285.8
17 [16,18,20] [8.9,45.7,22.4] 278.3
18 [17,48,19] [45.7,46.9,21.3] 297.3
19 [18,20,52] [21.3,35.3, 28.3] 279.3
20 [19,17,15,52] [35.3,22.4,29.2,30.0] 260.3
21 [24,30,22] [19.1,71.9,64.8] 297.1
22 [23,21,52] [17.9,64.8,15.3] 250.6
23 [26,24,22] [12.1,42.1,15.3] 251.3
24 [21,23,25] [19.1,42.1,22.5] 284.3
25 [26,24,33] [10.3,22.5,34.0] 260.6
26 [25,23,35] [10.3,12.1,23.5] 251.1
27 [29,28,33] [43.1,47.4,33.6] 301.1
28 [31,27] [32.3,47.4] 309.9
29 [27] [43.1] 335.2
30 [48,21] [47.5,71.9] 360.3
31 [32,28,33,34] [43.4,32.3,43.9,78.0] 279.1
32 [31] [43.4] 295.0
33 [31,27,25] [43.9,33.6,34.0] 266.2
34 [49,31,36,35] [59.9,78.0,87.3,99.4] 197.0
35 [36,26,34] [24.7,23.5,99.4] 228.7
36 [34,35,37,44] [87.3,24.7,28.4,91.4] 203.9
37 [36,38,15] [28.4,68.2,66.1] 213.6
38 [37,51,39] [68.2,22.0,38.0] 185.1
39 [38,40,15] [38.0,35.9,51.0] 212.5
40 [39,12,41] [35.9,74.4,118.4] 235.3
41 [40,42,43,45] [118.4,46.8,37.1,48.5] 119.2
42 [41,43,53] [46.8,25.0,18.0] 116.4
43 [42,41,51] [25.0,37.1,29.8] 137.1
44 [53,36,45] [23.0,91.4,74.1] 114.6
45 [46,44,41,47] [90.0,74.1,48.5,69.6] 69.6
46 [45] [90.0] 115.9
47 [45,50] [90.0,86.0] 0.0
48 [11,18,30] [48.3,46.9,47.5] 339.0
49 [34] [59.9] 218.1
50 [47] [86.0] 86.0
51 [38,43,53] [22.0,29.8,39.1] 162.9
52 [20,19,22] [30.0,28.3,15.3] 251.8
53 [44,51,42] [23.0,39.1,18.0] 125.9